ACD See
5
7
10
15
20
30
50
70
100
150
200
300
500
700
1000
2000
3000
5000

Fast Stone
2
5
10
15
20
30
40
50
60
100
125
150
175
200
300
500
700
1000
2000
3000
5000

Photoshop
0,2
0,3
0,4
0,5
0,7
1
1,5
2
3
4
5
6,25
8,33
12,5
16,67
25
33,33
50
66,67
100
200
300
400
500
600
700
800
1200
1600


zSea
1
2
3
	4
5
7
10
	17
25
	37
50
	62
75
	87
100
	112
125
150
175
200
	225
250
	275
300
	350
400
	450
500
	600
700
	800
	900
1000
	1100
1250	1200
	1300
	1400
1500
	1750
2000
	2250
2500
	2750
3000
	3500
	4000
	4500
5000
