size 80 64
elements 12
 47  20 0 and[2]
 57  21 0 not
 47  32 0 and[2]
 57  33 0 not
 38  20 0 not
 38  34 0 not
 28  19 0 and[2]
 28  32 0 and[3]
 28   8 0 and[2]
 28  46 0 and[2]
 38  47 0 not
 38   9 0 not
captions 2
  4  35 z C
  4  49 z D
points 36
 62  22  3   62  34  9   54  22  1   45  26  9   54  26  2   62  28  4
 45  28  2   54  30  1   62  30  2   54  34  1   43  21 11   43  35  3
 35  21  1   35  35  1   26  30  3   43  15  6   24  35 13   35  10  1
 35  48  1   26  15  9   43  40 12   26  17  3   35  17  8   35  13  1
 43  13  8   24  22  1   22   9  1   22  52  9   43  42  2   26  44  3
 35  44  8   26  42  9   35  40  1   43  52  8   43  30 12    4  49  1
subpoints 5
 35  15   54  28   22  35   35  42   22  49
